16 16

1 . 0 1 1 1 0 0 0 0 0 0 0 0 . 0
1 . 0 0 0 0 0 1 0 0 0 0 1 0 . 0
1 . 1 0 1 1 1 1 0 0 1 1 1 1 . 1
0 . 1 0 0 0 0 1 0 0 0 1 0 0 . 1
0 1 1 0 0 0 0 0 0 0 1 1 0 0 . .
0 * . 0 . . . 0 0 0 0 0 0 1 1 1
1 1 1 1 . 1 1 1 1 1 0 0 0 0 0 .
0 0 0 0 . 1 y y 0 1 . . . . . .
0 0 0 0 0 1 0 y y 1 . 1 1 1 1 .
0 0 0 0 0 0 0 0 1 1 0 0 . . . .
0 0 0 0 0 0 0 0 0 0 0 0 0 0 1 *
0 0 0 1 1 0 0 0 0 0 0 0 0 0 1 1
0 0 0 1 0 0 0 0 0 0 0 0 0 0 1 .
1 1 0 1 0 1 1 0 0 0 0 0 0 0 1 .
k 0 0 0 0 0 1 0 1 1 1 0 0 0 1 .
1 1 0 0 0 0 0 0 0 0 0 0 0 0 0 0
